123
-0.677895 -0.286138 -0.613403
-0.60628 -0.358509 -0.0402832
0.549878 -0.421378 0.64563
0.285153 0.551931 0.717834
-0.225982 -0.0192422 -0.392029
0.426802 0.276154 -0.271118
0.0821436 0.140694 0.97699
0.0207173 0.0192306 -0.990662
-0.595968 0.574862 0.0632935
-0.431007 -0.320426 0.214294
-0.365189 -0.60037 -0.0984497
0.842995 0.315744 0.215332
0.217462 -0.634091 0.0397339
0.624551 -0.61717 0.453308
0.464789 -0.23429 0.0786743
-0.784665 0.190642 -0.529358
0.196732 0.7582 0.559265
0.0310909 -0.000632017 0.999329
-0.460237 0.369073 -0.46759
0.117883 -0.185448 -0.952515
0.299247 0.196894 0.35437
0.355157 0.0196329 0.837524
-0.12474 0.8614 0.175781
0.366295 -0.597019 0.452942
0.187749 0.651625 0.487427
-0.384474 0.104021 0.898254
0.554425 0.448636 0.198059
-0.076334 -0.806737 0.217896
-0.280878 0.333812 -0.696899
-0.569296 0.289439 0.605713
0.605269 -0.0382341 0.503052
0.365199 0.654286 0.314575
0.672538 0.283725 0.399475
0.136987 0.182429 0.899109
0.512741 -0.348033 0.385742
-0.452867 0.22524 -0.859253
-0.281161 -0.629721 -0.693542
0.247364 -0.511791 0.164062
0.264088 0.542405 0.634338
0.503981 0.747108 0.0078125
-0.61658 0.415759 -0.440857
-0.318408 -0.701905 0.511658
-0.464998 0.0728078 -0.753967
0.149814 -0.254577 -0.92981
-0.242389 -0.398142 -0.147583
0.41879 -0.138083 0.842712
-0.408323 0.592959 -0.0565796
0.40984 -0.587414 -0.366272
-0.0237024 0.171314 0.965881
-0.0391499 -0.57425 0.134521
0.0382767 -0.538609 0.678833
-0.188702 -0.00104932 0.780273
0.365518 -0.0124102 0.145142
-0.732774 -0.14605 -0.611877
-0.38673 -0.395278 0.315186
0.172343 -0.263692 -0.753357
-0.0394079 -0.908809 -0.371887
-0.110318 0.47838 -0.327393
-0.070348 -0.658544 0.669189
-0.444161 -0.32364 0.494385
0.0194744 0.0249344 -0.996765
0.145905 -0.395773 0.7052
0.18023 0.160106 0.106384
0.683966 0.593662 -0.0910034
-0.163298 -0.384812 0.086853
-0.656061 0.275589 -0.59613
-0.15295 0.590395 -0.126648
-0.754592 -0.401665 0.0651245
0.528141 0.834379 0.00823975
-0.101388 -0.285777 0.849548
-0.392962 0.655618 -0.643311
-0.0398034 0.0109083 0.995972
-0.313639 -0.314241 -0.811218
0.37596 -0.172639 -0.903137
-0.191014 0.743783 -0.54541
-0.582199 0.365864 -0.596069
-0.612456 -0.469705 -0.0968018
-0.746723 -0.526974 0.269409
0.412389 -0.764108 0.249512
-0.504679 -0.221166 -0.249756
-0.0731148 -0.958617 0.110229
0.0296958 0.66139 -0.622131
-0.221177 -0.659311 0.169189
-0.491704 0.0171665 -0.839233
-0.654168 -0.555379 0.240723
0.199046 -0.55832 -0.701782
0.325467 -0.356753 0.823059
-0.0497276 -0.351958 -0.913574
0.761549 -0.113264 -0.369995
-0.124241 0.339614 -0.652161
0.438666 -0.472942 0.702393
0.226855 0.333252 -0.346191
0.796001 0.415709 0.281921
-0.708872 -0.206306 -0.103516
-0.238887 0.755577 -0.0689087
0.485336 0.691939 -0.353943
-0.291653 0.687279 0.65332
0.418263 -0.427179 0.450012
0.252473 -0.0927465 -0.745544
0.184446 -0.826563 0.0491333
0.476685 -0.134972 -0.855469
-0.250316 -0.362611 -0.355774
-0.554512 -0.0175497 -0.545837
0.759901 -0.418055 0.102295
0.54424 0.476978 -0.0149536
-0.646567 0.0130194 0.58667
-0.554851 0.505802 0.376282
-0.138663 -0.10933 -0.209656
-0.134487 -0.495948 -0.798767
0.592388 -0.687275 -0.0170288
-0.895519 0.017517 -0.239807
-0.892453 -0.307407 -0.285828
-0.374114 -0.402572 -0.646851
0.581865 0.63242 0.486511
-0.173334 -0.147044 -0.944336
0.458735 0.168118 0.278381
0.330265 -0.472781 0.728577
-0.030677 -0.170201 0.707886
0.542455 0.552533 0.415771
0.0555425 0.268713 -0.868103
-0.46088 -0.455607 -0.318054
-0.592305 0.650494 0.32196
0.296316 -0.793904 0.0530396
