261.089 342.841 2.42861e-16
222.905 361.538 0
178.517 377.536 0
160.079 379.291 0
134.378 378.513 0
114.581 371.952 0
54.588 298.032 2.22045e-16
57.765 212.043 4.44089e-16
68.0908 192.384 5.55112e-16
83.4078 175.437 2.22045e-16
133.961 160.054 1.11022e-16
156.651 158.799 4.44089e-16
177.09 161.347 4.44089e-16
196.286 171.396 0
226.022 198.775 2.22045e-16
261.837 189.572 0
270.78 122.403 3.21965e-16
259.483 83.7197 5.55112e-17
290.071 53.4581 2.22045e-16
311.08 43.5921 0
353.532 37.0563 0
386.484 36.796 5.60663e-16
409.959 38.5788 0
427.787 47.4193 0
441.811 65.1881 2.22045e-16
453.326 116.62 0
452.33 137.551 0
448.351 159.224 0
436.676 177.443 0
418.116 184.812 2.22045e-16
397.477 184.694 0
372.189 181.353 2.22045e-16
348.889 182.094 1.11022e-16
334.721 196.785 4.44089e-16
364.259 266.535 0
375.839 282.224 4.57967e-16
391.127 298.974 0
411.346 335.318 0
408.571 356.114 0
395.229 375.021 0
375.103 380.39 0
352.05 381.958 0
333.396 378.365 0
322.021 364.376 0
279.879 335.494 0
231.726 336.5 16.5922
237.589 344.733 9.61667
226.123 353.168 9.8715
211.32 361.095 13.2551
254.306 309.14 14.6576
191.155 288.856 83.5912
202.665 368.396 18.6893
200.961 363.212 34.6026
200.179 353.384 49.7415
198.542 339.426 63.58
196.716 323.749 74.2166
197.38 306.55 76.6605
181.934 375.342 18.8906
183.334 369 34.6824
184.079 358.114 51.9372
186.321 344.235 64.7813
188.926 327.371 74.4252
191.531 309.739 80.7095
163.998 376.752 18.6042
166.174 370.683 34.9518
168.554 359.639 52.3242
173.138 345.613 65.1662
178.428 328.686 75.2421
184.14 309.57 81.8678
225.074 201.379 18.0856
222.846 208.733 36.7876
218.345 218.606 51.431
213.66 232.266 63.1442
205.88 248.836 74.9184
200.247 267.303 78.6248
161.207 279.478 100.932
158.959 377.141 20.6204
159.331 371.416 38.5162
159.628 361.918 56.0029
160.355 349.239 70.9194
161.168 333.743 83.2675
162.052 315.796 92.4392
164.105 297.316 97.3546
137.648 376.835 20.0736
138.846 370.961 39.0078
141.146 361.617 56.6116
144.229 349.088 71.8954
147.813 333.772 84.4343
151.896 316.156 93.7678
155.759 298.168 99.5515
115.039 369.967 18.0944
116.966 364.698 37.1833
121.331 356.256 54.9241
126.487 344.601 70.2749
133.577 330.816 82.9147
141.734 314.915 92.5394
150.47 297.469 98.7
99.1304 356.835 21.2253
102.497 351.703 39.924
108.443 344.793 56.5081
117.189 334.362 72.7544
126.387 321.914 84.8926
136.834 307.813 93.8759
148 292.407 99.517
224.576 200.644 20.7455
221.051 205.069 37.6679
215.202 212.036 55.301
207.445 221.705 70.4955
197.9 235.466 83.8053
187.433 248.673 92.7206
176.201 263.509 98.2377
152.687 272.483 102.497
94.8973 354.527 18.4886
97.9456 351.14 34.6912
102.315 344.784 51.2939
109.348 336.792 66.4021
116.763 326.29 78.9504
125.611 314.177 89.206
135.582 300.59 96.7026
145.598 287 101.118
77.7681 341.886 18.3595
81.4739 338.863 35.5226
87.1852 333.52 51.6247
94.9247 326.459 66.1644
104.468 317.797 78.7058
115.649 307.871 88.9
128.101 296.779 96.4391
140.884 285.89 100.988
61.5192 320.596 16.5274
64.2951 316.15 33.0776
71.8596 314.117 50.6129
81.1492 309.327 65.1952
92.7527 303.556 77.9702
106.236 296.85 88.3761
121.19 289.413 96.0968
137.57 281.485 100.998
55.2627 292.344 18.118
60.1244 293.347 35.5616
67.5299 291.455 51.6947
77.6563 289.309 66.2924
90.1188 286.697 78.8873
104.541 283.7 89.1001
120.632 280.385 96.6446
137.02 277.374 101.242
53.7432 274.028 18.7517
58.2565 273.568 35.2608
65.8898 273.44 51.6635
76.1528 272.934 66.114
88.8494 272.391 78.7212
103.541 271.757 88.8851
120.056 271.123 96.3481
136.631 268.969 100.413
225.163 200.106 16.8253
222.186 203.077 32.4882
216.938 207.854 49.1109
209.625 215.32 64.6222
200.186 224.96 78.4082
189.365 234.43 88.7934
177.528 246.033 96.4602
165.407 257.601 100.756
80.3442 198.102 43.0863
56.0933 225.616 15.4588
61.0091 219.389 26.8875
69.8849 210.182 38.7739
60.8541 208.83 18.2882
64.3549 205.784 27.3764
71.0375 201.676 35.5378
70.091 191.951 19.1774
71.5848 194.157 29.8532
74.8643 195.688 37.6013
79.8985 178.811 16.6307
79.3973 183.24 26.7965
79.8003 189.991 36.9704
102.499 170.324 20.1205
96.2548 176.017 28.3581
89.5101 184.744 37.6379
91.5871 194.236 50.9465
56.5213 229.048 19.0601
61.5116 223.835 31.0726
68.88 216.571 41.1963
80.0311 206.066 49.3637
127.739 161.757 15.3709
123.811 166.372 29.451
114.984 172.498 37.4187
104.069 182.366 46.3054
92.2851 206.74 60.9742
54.115 247.445 19.1716
59.7391 241.451 34.7185
68.6197 232.136 48.57
79.9289 219.726 57.6754
129.978 162.394 20.97
124.333 169.915 39.7415
115.908 178.868 49.6599
106.108 192.959 60.0256
132.004 217.226 86.8882
53.9974 249.539 19.9639
59.5633 247.227 37.0566
68.8225 242.885 53.3408
82.0578 237.127 67.3909
96.028 231 76.6536
113.31 222.723 82.6608
132.989 161.447 20.0835
132.844 165.615 36.7569
133.13 172.48 53.4209
131.912 181.114 65.6382
130.751 192.222 76.2958
129.701 205.525 83.2258
154.412 161.017 21.8022
150.155 164.478 35.6789
149.643 171.801 54.3172
145.723 181.032 67.7208
141.589 192.415 78.3025
137.103 204.103 84.4662
172.852 161.515 19.8733
170.569 165.825 35.9835
165.416 172.288 52.7621
158.779 181.971 67.6444
150.318 192.767 77.7194
141.386 204.326 83.8705
192.435 170.727 19.6028
187.925 173.906 36.2846
181.157 180.4 54.2373
171.006 187.753 67.4685
158.645 196.641 77.5632
145.269 207.441 84.2671
208.639 185.611 21.6172
202.302 186.827 37.3964
193.287 192.063 55.277
180.662 197.139 68.1913
165.583 203.501 78.2437
150.031 210.328 84.3873
139.323 223.56 90.3275
53.8032 251.233 18.7878
58.5298 250.628 34.3796
66.6897 247.767 50.7208
77.4678 243.972 64.3854
91.2524 240.268 76.259
106.424 235.333 84.6064
122.435 229.883 89.317
223.45 198.559 17.1267
218.968 199.651 32.4632
211.544 202.013 48.1617
201.013 205.365 62.5971
187.916 209.24 74.0999
172.869 213.855 82.9283
156.214 218.986 88.5098
140.189 238.815 95.1107
53.5588 269.266 18.3948
58.2063 266.684 34.5665
66.6246 264.541 52.4975
77.3477 260.624 66.5612
90.395 255.809 78.2552
105.299 250.28 87.0205
121.549 244.372 92.6249
224.247 200.399 21.1524
218.809 202.867 39.4828
211.069 206.31 54.2006
200.392 211.138 68.2959
187.25 216.452 79.3984
172.578 223.087 87.8726
156.648 230.009 93.0679
212.454 285.491 54.9993
205.122 364.71 19.2283
208.384 345.551 34.8104
211.656 318.466 47.8388
224.944 205.405 22.1887
224.648 223.759 37.4787
221.152 253.926 48.7717
258.645 299.986 18.5326
249.842 296.123 33.2533
234.433 291.119 43.1503
338.985 109.847 70.0839
274.323 122.758 19.2891
280.541 121.129 34.649
291.889 120.227 48.7342
306.084 119.175 58.7434
323.336 116.636 66.0765
264.471 105.079 18.904
272.313 106.12 34.0873
285.061 106.163 50.0835
301.813 107.452 61.0925
320.153 108.282 67.9069
262.784 82.71 16.7331
269.373 87.4485 33.2778
282.398 90.6135 49.1942
299.103 96.4101 59.974
316.997 102.485 66.9419
275.243 66.249 19.1109
282.85 69.3644 34.1499
293.139 77.9621 49.8682
307.64 87.5014 60.7086
323.201 98.6798 67.4874
295.453 53.12 18.2905
298.334 59.9252 35.1108
306.261 69.0423 49.3621
316.542 81.3265 60.5051
328.091 94.7835 67.288
313.942 45.3771 17.8156
316.601 51.9932 34.4103
320.972 62.5795 48.919
326.787 76.7051 60.159
333.457 92.0024 66.9756
333.847 41.8294 19.7907
334.547 49.3958 36.3496
335.741 61.0842 50.5856
337.324 76.3815 61.4195
339.785 93.4785 67.9695
347.012 179.441 17.8666
346.145 173.441 32.3398
344.579 162.171 47.4396
342.093 148.465 57.9055
340.876 130.48 66.2453
382.661 109.318 72.4208
390.288 39.5685 19.9319
388.728 47.1063 37.1998
387.183 58.8221 52.0406
385.137 74.2129 63.3891
382.368 91.0636 70.2398
406.652 40.562 18.9889
403.598 47.6822 36.1802
399.153 58.9084 51.1665
393.38 73.7026 62.6998
386.612 89.5022 69.7164
426.323 49.4113 17.444
421.896 55.046 35.2986
414.493 64.6557 50.487
404.761 77.2939 62.2348
392.922 92.0756 69.8348
440.911 69.1451 18.9888
434.578 73.1764 36.1801
424.719 79.9687 51.1664
411.698 88.8143 62.6997
397.109 98.3907 69.7529
448.199 93.2985 20.0822
440.859 95.0014 37.1966
429.409 97.6694 52.0367
414.083 101.248 63.4491
397.835 104.836 70.0713
450.714 114.588 18.5149
443.557 114.03 35.7701
432.087 113.044 50.8518
416.784 111.751 62.5357
399.636 110.168 69.7125
450.553 132.524 18.9944
443.152 132.046 36.462
431.694 127.607 51.2618
416.41 121.997 62.8337
399.296 115.808 69.9094
446.178 156.536 19.5674
440.267 150.258 35.3111
428.447 143.292 51.7873
414.097 132.657 63.0449
397.619 121.759 70.1112
434.794 175.02 17.4511
429.578 168.754 35.7275
420.889 158.245 50.9087
409.197 144.074 62.2821
396.717 128.946 69.5181
415.924 182.146 19.5674
410.996 175.212 35.3111
406.008 162.39 51.7873
397.943 146.421 63.0449
389.513 128.698 70.1112
392.222 182.076 18.6923
392.579 174.79 35.9846
390.022 162.908 50.8519
386.946 147.061 62.5192
382.952 129.884 69.656
373.115 178.473 20.3083
373.661 170.78 37.6088
375.008 158.973 52.3544
376.736 143.508 63.5864
378.093 126.442 70.3206
378.285 109.42 72.4474
383.667 39.5393 19.3911
383.932 46.3967 35.6067
382.921 57.7574 50.8373
381.701 72.5762 62.4508
380.222 89.8674 69.8333
371.001 178.389 18.7473
371.998 172.015 34.5567
373.185 160.885 50.0644
374.726 146.269 61.9043
376.475 129.158 69.5503
362.769 109.417 72.3342
356.967 39.5083 18.9581
357.456 46.8905 36.4537
358.359 58.4718 51.5053
359.659 73.4636 62.8942
361.17 90.878 69.997
368.522 178.463 18.7051
368.257 171.307 36.1333
367.273 159.878 51.0989
365.982 144.982 62.5822
364.421 127.782 69.8051
350.267 108.413 72.078
350.502 39.3433 17.7482
350.71 46.0153 34.5581
350.47 57.2186 49.8266
350.263 71.9618 61.5982
350.034 89.3688 69.1848
350.164 178.919 20.318
350.115 171.289 37.6381
350.371 159.443 52.4257
350.526 144.303 63.5542
350.572 127.141 70.1649
312.228 149.305 42.6753
275.229 128.002 15.3031
282.561 133.033 27.3035
294.343 140.559 36.8196
345.48 179.513 15.9994
337.483 172.963 29.0417
325.321 163.988 37.4506
307.728 163.338 36.521
277.826 147.804 18.9358
290.957 154.938 31.5255
343.294 178.522 20.4019
327.631 172.244 32.4797
311.273 173.215 34.4682
277.816 163.402 18.4621
291.983 168.15 30.6554
341.498 182.014 16.4944
328.774 178.656 29.1589
302.751 181.087 34.6641
275.792 168.942 18.0426
286.967 173.58 29.6781
330.502 193.764 18.3416
318.83 188.58 30.045
298.98 192.768 34.7937
268.533 186.618 16.9524
281.009 189.429 30.0183
328.376 199.081 17.0761
316.156 196.276 29.8462
293.904 202.555 35.2528
267.381 190.381 18.3733
280.102 196.213 31.5692
321.882 215.069 20.0184
309.894 209.891 31.5551
295.87 213.801 40.6509
265.325 190.949 17.0242
271.755 195.995 29.0064
282.884 204.305 38.0367
324.457 235.789 15.3008
318.72 231.337 26.7491
308.351 223.31 36.5824
286.159 219.101 45.3437
250.159 199.728 16.2623
258.432 203.036 29.4516
270.681 210.437 41.2064
323.821 237.844 17.5932
314.357 232.939 32.967
302.156 226.568 41.8949
278.707 232.552 47.7089
249.228 202.564 20.7603
256.259 209.775 34.3751
266.848 220.567 44.0472
322.844 238.234 19.1111
313.542 237.165 32.5668
297.418 236.316 43.3042
271.348 275.673 18.6681
272.797 266.12 33.072
277.017 250.819 43.1419
364.753 338.13 44.8381
401.262 318.008 18.2857
391.827 322.432 32.5898
378.832 328.024 41.7775
407.184 333.505 16.9708
396.946 334.122 31.4715
382.911 334.263 41.0426
406.03 352.272 17.576
396.069 348.598 32.0627
382.422 342.589 41.4094
393.101 372.044 15.7434
386.633 364.485 30.614
376.77 351.928 40.9755
373.873 376.487 18.7983
371.297 366.097 32.8848
368.143 352.615 41.6369
355.271 378.458 17.3553
357.608 368.43 31.6731
361.026 354.277 41.1251
335.58 375.32 15.9641
341.827 366.836 31.0036
351.682 353.133 41.2124
324.635 360.034 17.3603
334.072 354.246 31.6857
346.812 345.826 41.097
323.845 344.152 18.6929
334.222 341.871 32.8341
348.239 338.325 41.8805
361.518 328.961 44.2006
400.564 316.147 18.0137
391.691 318.935 31.2101
378.182 323.36 40.8053
322.966 339.572 15.8732
331.273 337.581 29.816
344.553 333.881 40.1142
362.72 318.912 42.0665
399.984 313.564 15.5028
391.972 314.538 27.8777
378.956 316.657 38.1368
323.747 324.85 17.0304
332.723 322.683 30.0195
346.459 320.301 39.0443
355.505 308.879 37.5002
383.825 297.783 19.6367
371.347 302.787 32.4621
325.288 320.888 19.7189
337.769 315.796 32.9544
347.342 303.211 34.4352
372.337 286.143 17.9596
361.901 292.859 29.5499
323.027 318.166 17.4366
333.23 312.258 29.2968
342.449 292.684 34.0263
369.384 281.416 16.7643
358.31 286.559 29.4406
314.729 303.3 16.8
326.31 298.726 29.3048
335.55 283.874 33.0875
360.029 268.667 16.863
348.638 273.578 27.4804
313.262 300.275 17.0024
322.164 293.124 28.3615
324.656 278.796 28.5463
337.908 259.292 15.1286
333.178 267.454 24.6104
309.73 298.133 15.0289
316.201 290.368 24.6373
315.046 274.083 28.0658
333.816 256.373 15.0996
325.908 264.236 24.9473
297.318 290.465 13.2384
304.288 283.657 23.479
310.492 264.451 29.0049
325.754 243.492 13.8015
319.782 252.145 24.0425
293.167 285.921 15.8337
300.868 276.793 25.8447
298.39 259.3 32.03
322.014 242.061 17.9666
312.398 248.89 28.0082
276.695 277.966 15.6346
285.141 270.275 27.3603
259.705 239.479 42.8633
246.503 202.553 17.0825
248.591 210.962 29.7262
253.412 223.85 39.2346
270.617 277.117 14.5673
267.805 268.25 29.2617
263.862 255.781 38.8573
248.744 238.769 40.1009
228.776 202.101 14.8916
233.564 209.687 26.4116
239.977 223.301 36.1963
268.922 276.649 17.0451
263.831 268.324 29.4647
256.731 254.673 37.7314
244.409 248.996 39.5852
227.061 203.519 16.7974
230.081 214.773 30.8332
235.494 231.83 38.8483
261.194 294.868 16.7469
257.653 284.547 28.3742
249.992 268.136 37.7636
250.01 323.657 19.1306
244.981 340.482 12.162
260.865 307.158 11.476
255.8 334.701 12.1655
267.418 332.272 9.34442